$    1  TAPE5 generated by write_tape5 in write_tape5.py                       LBLRTM 
 1 36   14  1.000000             LBL H1=    0.00 H2=   45.66 ANG=   0.000 LEN= 0
   987.4949        270.45              3   0.000 1000.00 270.90  0.201  975.00 270.00
  2.0723772E+21  1.7444792E+20  0.0000000E+00  1.6916132E+17  7.8790943E+16  8.9867222E+17  1.1048343E+23  4.1797274E+23
  1.5858882E+14  1.5648458E+14  1.2158505E+13  2.6556872E+14  2.7407384E+13  2.3259744E+10  5.2579953E+09
   962.4907        269.40              3                         0.406 950.000 268.80
  2.1118869E+21  1.7441908E+20  0.0000000E+00  1.6913396E+17  7.8267318E+16  8.9852750E+17  1.1046553E+23  4.1790101E+23
  1.5856311E+14  1.5407826E+14  1.2156538E+13  2.6623779E+14  2.8387607E+13  2.3255990E+10  5.2327803E+09
   937.4876        268.05              3                         0.615 925.000 267.30
  1.9487164E+21  1.7445597E+20  0.0000000E+00  1.6916955E+17  7.7755942E+16  8.9871270E+17  1.1048832E+23  4.1799166E+23
  1.5859620E+14  1.5136671E+14  1.2159034E+13  2.6635949E+14  2.9406234E+13  2.3260744E+10  5.2230753E+09
   912.4890        266.60              3                         0.829 900.000 265.90
  1.7017891E+21  1.7438775E+20  0.0000000E+00  1.6910369E+17  7.7180545E+16  8.9836202E+17  1.1044601E+23  4.1783208E+23
  1.5853498E+14  1.4819503E+14  1.2154331E+13  2.6558823E+14  3.0436374E+13  2.3251771E+10  5.2363884E+09
   887.4885        265.25              3                         1.048 875.000 264.60
  1.4354838E+21  1.7445312E+20  0.0000000E+00  1.6916665E+17  7.6645281E+16  8.9869572E+17  1.1048681E+23  4.1798679E+23
  1.5859353E+14  1.4475535E+14  1.2158843E+13  2.6418404E+14  3.1519182E+13  2.3260375E+10  5.2943160E+09
   862.4883        263.80              3                         1.272 850.000 263.00
  1.2456056E+21  1.7471996E+20  0.0000000E+00  1.6942541E+17  7.6180093E+16  9.0006984E+17  1.1065577E+23  4.1862266E+23
  1.5883611E+14  1.4108890E+14  1.2177440E+13  2.6213996E+14  3.2672693E+13  2.3295990E+10  5.4162365E+09
   837.4884        262.35              3                         1.501 825.000 261.70
  1.1264911E+21  1.7472002E+20  0.0000000E+00  1.6942528E+17  7.5580060E+16  9.0007259E+17  1.1065603E+23  4.1862335E+23
  1.5883635E+14  1.3680757E+14  1.2177439E+13  2.5862411E+14  3.3811019E+13  2.3295967E+10  5.6075796E+09
   812.4912        261.10              3                         1.737 800.000 260.50
  1.0210751E+21  1.7469831E+20  0.0000000E+00  1.6940445E+17  7.4953029E+16  8.9996071E+17  1.1064181E+23  4.1857114E+23
  1.5881640E+14  1.3210992E+14  1.2175936E+13  2.5386475E+14  3.4980114E+13  2.3293106E+10  5.8986010E+09
   787.4901        259.85              3                         1.978 775.000 259.20
  9.2477935E+20  1.7475706E+20  0.0000000E+00  1.6946101E+17  7.4342929E+16  9.0026260E+17  1.1067940E+23  4.1871205E+23
  1.5886983E+14  1.2706167E+14  1.2180017E+13  2.4780017E+14  3.6202757E+13  2.3300948E+10  6.3232461E+09
   762.4873        258.45              3                         2.227 750.000 257.70
  7.8653946E+20  1.7463684E+20  0.0000000E+00  1.6934486E+17  7.3631270E+16  8.9967745E+17  1.1060343E+23  4.1842699E+23
  1.5876093E+14  1.2142470E+14  1.2171683E+13  2.3947151E+14  3.7429294E+13  2.3284916E+10  6.9321062E+09
   724.9742        256.91              3                         2.746 700.000 256.10
  9.0776475E+20  3.4964037E+20  0.0000000E+00  3.3904537E+17  1.4538184E+17  1.8013226E+18  2.2143920E+23  8.3779570E+23
  3.1785493E+14  2.2459317E+14  2.4368889E+13  4.4682722E+14  7.8835794E+13  4.6618767E+10  1.6576979E+10
   674.9638        255.01              3                         3.299 650.000 253.90
  5.0383947E+20  3.4967949E+20  0.0000000E+00  3.3908334E+17  1.4273223E+17  1.8012095E+18  2.2146372E+23  8.3782092E+23
  3.1789036E+14  1.9837593E+14  2.4371601E+13  3.9696430E+14  8.4343167E+13  4.6623928E+10  2.1319586E+10
   624.9277        251.72              3                         3.889 600.000 249.50
  4.9456367E+20  3.4999362E+20  0.0000000E+00  3.3938763E+17  1.4047562E+17  1.8014066E+18  2.2166260E+23  8.3857256E+23
  3.1817624E+14  1.7150217E+14  2.4393500E+13  3.4169562E+14  9.0220511E+13  4.6665822E+10  2.8015579E+10
   574.9170        247.07              3                         4.519 550.000 244.60
  3.9584878E+20  3.5002430E+20  0.0000000E+00  3.3941783E+17  1.3894825E+17  1.7977563E+18  2.2168225E+23  8.3865744E+23
  3.1820423E+14  1.4759583E+14  2.4395666E+13  2.8346069E+14  9.6030075E+13  4.6669951E+10  3.8809162E+10
   524.9193        242.27              3                         5.195 500.000 239.90
  2.3953169E+20  3.4992723E+20  0.0000000E+00  3.3932327E+17  1.3820055E+17  1.7902738E+18  2.2162064E+23  8.3841634E+23
  3.1811598E+14  1.2829564E+14  2.4388871E+13  2.2715607E+14  1.0245508E+14  4.6655271E+10  5.5644090E+10
   474.9034        237.18              3                         5.928 450.000 234.40
  1.9823463E+20  3.5021064E+20  0.0000000E+00  3.3959849E+17  1.3744303E+17  1.7814646E+18  2.2180019E+23  8.3909339E+23
  3.1837348E+14  1.1178898E+14  2.4408643E+13  1.7882236E+14  1.1148824E+14  4.6692303E+10  7.9704719E+10
   424.8864        231.28              3                         6.726 400.000 228.10
  1.7803750E+20  3.5017718E+20  0.0000000E+00  3.3957915E+17  1.3524174E+17  1.7657963E+18  2.2177884E+23  8.3901290E+23
  3.1834288E+14  9.7620521E+13  2.4406284E+13  1.3615607E+14  1.2317119E+14  4.6718296E+10  1.1720974E+11
   374.8777        224.84              3                         7.606 350.000 221.50
  1.2746736E+20  3.5019773E+20  0.0000000E+00  3.3953321E+17  1.3109274E+17  1.7462336E+18  2.2179214E+23  8.3906161E+23
  3.1836157E+14  8.5791527E+13  2.4401469E+13  9.7708342E+13  1.3592641E+14  4.6876172E+10  1.7627052E+11
   324.8760        218.30              3                         8.593 300.000 215.00
  8.4310604E+19  3.5042875E+20  0.0000000E+00  3.3863086E+17  1.2432076E+17  1.7295013E+18  2.2193840E+23  8.3961631E+23
  3.1857188E+14  7.6107861E+13  2.4463565E+13  6.4338052E+13  1.4924790E+14  4.7476417E+10  2.7742385E+11
   274.9415        213.54              3                         9.735 250.000 212.00
  4.4914892E+19  3.5056354E+20  0.0000000E+00  3.3429328E+17  1.1412122E+17  1.7047702E+18  2.2202359E+23  8.3994007E+23
  3.1869419E+14  6.8740109E+13  2.4774774E+13  3.6132054E+13  1.6738132E+14  4.8674562E+10  4.7185396E+11
   237.5068        212.34              3                        10.391 225.000 212.70
  1.1105905E+19  1.7527241E+20  0.0000000E+00  1.6360219E+17  5.2293894E+16  8.3648707E+17  1.1100588E+23  4.1994647E+23
  1.5933851E+14  3.2128278E+13  1.2788562E+13  1.0097776E+13  9.4045842E+13  2.4926976E+10  3.8138177E+11
   212.5049        212.94              3                        11.128 200.000 213.20
  7.2248337E+18  1.7542272E+20  0.0000000E+00  1.6009424E+17  4.8531241E+16  8.2312052E+17  1.1110103E+23  4.2030629E+23
  1.5948398E+14  3.1019676E+13  1.3672419E+13  6.5197184E+12  1.0486403E+14  2.5400246E+10  5.7631834E+11
   187.4981        213.10              3                        11.963 175.000 213.00
  5.5043718E+18  1.7553682E+20  0.0000000E+00  1.5715065E+17  4.3822745E+16  8.0824584E+17  1.1117332E+23  4.2057993E+23
  1.5958511E+14  3.0153640E+13  1.5586341E+13  4.1316461E+12  1.1997700E+14  2.5989683E+10  8.7505332E+11
   162.5029        213.15              3                        12.928 150.000 213.30
  4.8924100E+18  1.7546891E+20  0.0000000E+00  1.5395549E+17  3.7319349E+16  7.9073839E+17  1.1113032E+23  4.2041762E+23
  1.5923585E+14  2.9741214E+13  2.0193397E+13  2.3425820E+12  1.3795740E+14  2.6969592E+10  1.3486284E+12
   137.4932        212.96              3                        14.069 125.000 212.60
  4.6252842E+18  1.7561387E+20  0.0000000E+00  1.5021865E+17  2.9458418E+16  7.7052847E+17  1.1122208E+23  4.2076425E+23
  1.5755022E+14  2.9939055E+13  3.4143386E+13  9.4388172E+11  1.6543907E+14  2.9275793E+10  2.1339822E+12
   112.4872        211.97              3                        15.459 100.000 211.30
  4.4172338E+18  1.7561421E+20  0.0000000E+00  1.4501720E+17  2.1596444E+16  7.4159146E+17  1.1122232E+23  4.2076540E+23
  1.5095912E+14  3.0435617E+13  8.3075371E+13  2.8240049E+11  2.4480965E+14  3.5422769E+10  3.5964980E+12
   84.99055        210.92              3                        17.672 70.0000 210.50
  5.3096829E+18  2.1087009E+20  0.0000000E+00  1.5581117E+17  1.7087405E+16  8.3138905E+17  1.3355105E+23  5.0523722E+23
  1.6479941E+14  3.4062324E+13  2.8368484E+14  9.7946124E+10  7.2179207E+14  6.2597431E+10  9.6075944E+12
   60.04743        213.35              3                        19.786 50.0000 216.60
  3.7662581E+18  1.4082245E+20  0.0000000E+00  8.1629444E+16  7.1270585E+15  4.9618764E+17  8.9187585E+22  3.3740576E+23
  1.0561950E+14  1.7105026E+13  4.3318013E+14  1.8929234E+10  1.2431265E+15  7.0609936E+10  1.6178937E+13
   40.00685        217.01              3                        23.052 30.0000 217.50
  3.7715552E+18  1.4080008E+20  0.0000000E+00  5.8254888E+16  5.6625847E+15  4.2278837E+17  8.9173389E+22  3.3735218E+23
  1.3037779E+14  1.1137787E+13  8.1645711E+14  8.4607217E+09  2.0869625E+15  1.8307267E+11  3.6589418E+13
   25.00570        218.20              3                        25.661 20.0000 219.00
  1.8634871E+18  7.0495135E+19  0.0000000E+00  2.1645261E+16  3.0852065E+15  1.7801299E+17  4.4646926E+22  1.6890399E+23
  1.1992091E+14  3.9642192E+12  7.0438450E+14  2.8659709E+09  1.1972717E+15  3.3531144E+11  3.4001379E+13
   15.00000        219.00              3                        30.140 10.0000 219.00
  1.9302120E+18  7.0524206E+19  0.0000000E+00  1.7675911E+16  3.8155469E+15  1.5726920E+17  4.4665328E+22  1.6897365E+23
  3.0875010E+14  3.2343675E+12  1.0643877E+15  1.8662591E+09  9.8022857E+14  1.2793411E+12  5.0223796E+13
   8.502377        219.98              3                        32.459 7.00000 221.10
  5.9914904E+17  2.1195640E+19  0.0000000E+00  4.1832536E+15  1.4405958E+15  4.3001625E+16  1.3423906E+22  5.0784071E+22
  2.1493543E+14  8.1897017E+11  4.2814744E+14  3.1814966E+08  2.0273480E+14  1.3074201E+12  1.9315575E+13
   6.002902        222.93              3                        34.679 5.00000 225.00
  4.0037482E+17  1.4143060E+19  0.0000000E+00  2.2754844E+15  1.1663354E+15  2.6679927E+16  8.9572707E+21  3.3886300E+22
  2.3323048E+14  5.0946949E+11  3.1110586E+14  1.2315015E+08  9.4238277E+13  2.1093032E+12  1.4165454E+13
   4.002333        226.46              3                        38.104 3.00000 228.20
  3.6327981E+17  1.4154549E+19  0.0000000E+00  1.7356179E+15  1.6062660E+15  2.3864911E+16  8.9645468E+21  3.3913844E+22
  3.4396034E+14  5.1166147E+11  2.8458500E+14  5.8665764E+07  5.6013030E+13  5.0618481E+12  1.5386152E+13
   2.501154        229.68              3                        40.864 2.00000 231.40
  1.6406421E+17  7.0841897E+18  0.0000000E+00  5.8125537E+14  1.2771003E+15  1.0069099E+16  4.4866531E+21  1.6973494E+22
  2.2683105E+14  2.8412569E+11  9.8472762E+13  9.4438390E+06  1.3641014E+13  5.3114385E+12  8.3239371E+12
   1.501475        233.25              3                        45.663 1.00000 235.60
  1.1826426E+17  7.0945037E+18  0.0000000E+00  3.3273961E+14  2.3772674E+15  7.6768138E+15  4.4931859E+21  1.6998186E+22
  2.4779921E+14  3.8251987E+11  4.4217716E+13  1.9087725E+06  5.2665469E+12  8.7628988E+12  8.8161345E+12
