 # Example profile for FINESSE simualtions vaguely based of Andoya ERA5_DATA
# Pres (hPa)Alt (km) T (K)  WV (RH) O3 (g/kg)
    1000     0.00    270.9    72.28 8.270E-05
     975     0.18    270.0    81.90 8.270E-05
     950     0.36    268.8    83.42 8.250E-05
     925     0.54    267.3    81.01 8.230E-05
     900     0.73    265.9    75.23 8.180E-05
     875     0.93    264.6    67.09 8.130E-05
     850     1.13    263.0    67.11 8.090E-05
     825     1.34    261.7    65.07 8.070E-05
     800     1.55    260.5    63.43 8.070E-05
     775     1.77    259.2    61.33 8.060E-05
     750     2.00    257.7    54.00 8.040E-05
     700     2.48    256.1    21.95 7.970E-05
     650     2.99    253.9    21.61 7.750E-05
     600     3.55    249.5    32.12 7.380E-05
     550     4.15    244.6    25.99 7.880E-05
     500     4.82    239.9    24.31 8.160E-05
     450     5.55    234.4    40.24 7.860E-05
     400     6.37    228.1    52.36 8.040E-05
     350     7.29    221.5    65.31 7.740E-05
     300     8.37    215.0    78.82 1.080E-04
     250     9.63    212.0    39.89 2.920E-04
     225    10.37    212.7    20.58 5.620E-04
     200    11.18    213.2    11.63 8.490E-04
     175    12.11    213.0     9.07 1.040E-03
     150    13.18    213.3     6.82 1.160E-03
     125    14.45    212.6     6.10 1.420E-03
     100    16.00    211.3     5.35 1.200E-03
      70    18.48    210.5     4.53 4.980E-03
      50    20.82    216.6     1.54 5.960E-03
      30    24.37    217.5     0.80 8.630E-03
      20    27.18    219.0     0.45 1.030E-02
      10    32.00    219.0     0.24 1.120E-02
       7    34.48    221.1     0.13 1.140E-02
       5    36.82    225.0     0.06 1.110E-02
       3    40.37    228.2     0.02 1.000E-02
       2    43.18    231.4     0.01 8.040E-03
       1    48.00    235.6     0.00 5.870E-03
