$    1  TAPE5 generated by write_tape5 in write_tape5.py                       LBLRTM 
 1 36   14  1.000000             LBL H1=   45.66 H2=    0.00 ANG= 180.000 LEN= 0
   987.4931        270.45              1   0.000 1000.00 270.90  0.201  975.00 270.00
  2.0715821E+21  1.7438124E+20  0.0000000E+00  1.6909696E+17  7.8760656E+16  8.9832761E+17  1.1044145E+23  4.1781225E+23
  1.5852840E+14  1.5642441E+14  1.2153844E+13  2.6546579E+14  2.7396923E+13  2.3250832E+10  5.2559548E+09
   962.4907        269.40              1                         0.406 950.000 268.80
  2.1114717E+21  1.7438450E+20  0.0000000E+00  1.6910013E+17  7.8252085E+16  8.9834442E+17  1.1044352E+23  4.1781923E+23
  1.5853137E+14  1.5404759E+14  1.2154071E+13  2.6618559E+14  2.8382048E+13  2.3251267E+10  5.2317522E+09
   937.4883        268.05              1                         0.615 925.000 267.30
  1.9484183E+21  1.7442874E+20  0.0000000E+00  1.6914302E+17  7.7743975E+16  8.9857227E+17  1.1047153E+23  4.1792705E+23
  1.5857158E+14  1.5134344E+14  1.2157154E+13  2.6631896E+14  2.9401771E+13  2.3257165E+10  5.2222901E+09
   912.4891        266.60              1                         0.829 900.000 265.90
  1.7027806E+21  1.7448991E+20  0.0000000E+00  1.6920234E+17  7.7225288E+16  8.9888744E+17  1.1051028E+23  4.1807480E+23
  1.5862719E+14  1.4828114E+14  1.2161418E+13  2.6574277E+14  3.0453775E+13  2.3265322E+10  5.2394298E+09
   887.4898        265.25              1                         1.048 875.000 264.60
  1.4363314E+21  1.7455605E+20  0.0000000E+00  1.6926647E+17  7.6690493E+16  8.9922814E+17  1.1055217E+23  4.1823409E+23
  1.5868732E+14  1.4484096E+14  1.2166028E+13  2.6434064E+14  3.1537713E+13  2.3274140E+10  5.2974453E+09
   862.4874        263.80              1                         1.272 850.000 263.00
  1.2448091E+21  1.7460812E+20  0.0000000E+00  1.6931697E+17  7.6131235E+16  8.9949638E+17  1.1058514E+23  4.1835561E+23
  1.5873466E+14  1.4099888E+14  1.2169657E+13  2.6197259E+14  3.2651718E+13  2.3281083E+10  5.4127868E+09
   837.4897        262.35              1                         1.501 825.000 261.70
  1.1260050E+21  1.7464445E+20  0.0000000E+00  1.6935219E+17  7.5547250E+16  8.9968353E+17  1.1060815E+23  4.1844272E+23
  1.5876768E+14  1.3674863E+14  1.2172189E+13  2.5851189E+14  3.3796475E+13  2.3285927E+10  5.6051265E+09
   812.4904        261.10              1                         1.737 800.000 260.50
  1.0209605E+21  1.7467906E+20  0.0000000E+00  1.6938576E+17  7.4944884E+16  8.9986184E+17  1.1063007E+23  4.1852533E+23
  1.5879915E+14  1.3209534E+14  1.2174601E+13  2.5383681E+14  3.4976410E+13  2.3290542E+10  5.8979529E+09
   787.4896        259.85              1                         1.978 775.000 259.20
  9.2454175E+20  1.7471231E+20  0.0000000E+00  1.6941800E+17  7.4323778E+16  9.0003617E+17  1.1065113E+23  4.1860518E+23
  1.5882937E+14  1.2702927E+14  1.2176919E+13  2.4773693E+14  3.6193635E+13  2.3294975E+10  6.3216152E+09
   762.4879        258.45              1                         2.227 750.000 257.70
  7.8706315E+20  1.7475375E+20  0.0000000E+00  1.6945818E+17  7.3680397E+16  9.0028141E+17  1.1067737E+23  4.1870668E+23
  1.5886704E+14  1.2150584E+14  1.2179807E+13  2.3963191E+14  3.7454254E+13  2.3300500E+10  6.9367431E+09
   724.9741        256.91              1                         2.746 700.000 256.10
  9.0779209E+20  3.4965224E+20  0.0000000E+00  3.3905672E+17  1.4538660E+17  1.8013806E+18  2.2144642E+23  8.3782305E+23
  3.1786567E+14  2.2460034E+14  2.4369702E+13  4.4684172E+14  7.8838498E+13  4.6620299E+10  1.6577514E+10
   674.9641        255.01              1                         3.299 650.000 253.90
  5.0402790E+20  3.4981058E+20  0.0000000E+00  3.3921026E+17  1.4278572E+17  1.8018829E+18  2.2154670E+23  8.3813401E+23
  3.1800962E+14  1.9845014E+14  2.4380738E+13  3.9711279E+14  8.4373653E+13  4.6641411E+10  2.1327555E+10
   624.9272        251.72              1                         3.889 600.000 249.50
  4.9438978E+20  3.4987100E+20  0.0000000E+00  3.3926885E+17  1.4042607E+17  1.8007743E+18  2.2158497E+23  8.3827843E+23
  3.1806454E+14  1.7144177E+14  2.4384948E+13  3.4157540E+14  9.0189768E+13  4.6649467E+10  2.8005770E+10
   574.9174        247.07              1                         4.519 550.000 244.60
  3.9576247E+20  3.4994860E+20  0.0000000E+00  3.3934410E+17  1.3891814E+17  1.7973655E+18  2.2163411E+23  8.3847469E+23
  3.1813509E+14  1.4756365E+14  2.4390357E+13  2.8339879E+14  9.6009029E+13  4.6659813E+10  3.8800763E+10
   524.9192        242.27              1                         5.195 500.000 239.90
  2.3961296E+20  3.5004602E+20  0.0000000E+00  3.3943856E+17  1.3824737E+17  1.7908808E+18  2.2169581E+23  8.3870092E+23
  3.1822365E+14  1.2833912E+14  2.4397147E+13  2.2723299E+14  1.0249011E+14  4.6671116E+10  5.5662995E+10
   474.9034        237.18              1                         5.928 450.000 234.40
  1.9818574E+20  3.5012369E+20  0.0000000E+00  3.3951389E+17  1.3740867E+17  1.7810203E+18  2.2174501E+23  8.3888361E+23
  3.1829427E+14  1.1176105E+14  2.4402560E+13  1.7877765E+14  1.1145932E+14  4.6680647E+10  7.9684858E+10
   424.8865        231.28              1                         6.726 400.000 228.10
  1.7804874E+20  3.5019917E+20  0.0000000E+00  3.3960057E+17  1.3525019E+17  1.7659077E+18  2.2179281E+23  8.3906562E+23
  3.1836288E+14  9.7626642E+13  2.4407821E+13  1.3616459E+14  1.2317857E+14  4.6721283E+10  1.1721712E+11
   374.8777        224.84              1                         7.606 350.000 221.50
  1.2749933E+20  3.5028522E+20  0.0000000E+00  3.3961850E+17  1.3112554E+17  1.7466711E+18  2.2184730E+23  8.3927221E+23
  3.1844111E+14  8.5813039E+13  2.4407568E+13  9.7732847E+13  1.3596106E+14  4.6887909E+10  1.7631453E+11
   324.8760        218.30              1                         8.593 300.000 215.00
  8.4298134E+19  3.5037708E+20  0.0000000E+00  3.3858092E+17  1.2430235E+17  1.7292448E+18  2.2190549E+23  8.3949210E+23
  3.1852462E+14  7.6096608E+13  2.4459942E+13  6.4328546E+13  1.4922543E+14  4.7469417E+10  2.7738259E+11
   274.9415        213.54              1                         9.735 250.000 212.00
  4.4909439E+19  3.5052099E+20  0.0000000E+00  3.3425285E+17  1.1410736E+17  1.7045634E+18  2.2199663E+23  8.3983841E+23
  3.1865545E+14  6.8731768E+13  2.4771765E+13  3.6127664E+13  1.6736067E+14  4.8668687E+10  4.7179669E+11
   237.5069        212.34              1                        10.391 225.000 212.70
  1.1112346E+19  1.7537411E+20  0.0000000E+00  1.6369720E+17  5.2324259E+16  8.3697189E+17  1.1107027E+23  4.2019023E+23
  1.5943101E+14  3.2146922E+13  1.2795978E+13  1.0103634E+13  9.4100626E+13  2.4941438E+10  3.8160330E+11
   212.5049        212.94              1                        11.128 200.000 213.20
  7.2246636E+18  1.7541846E+20  0.0000000E+00  1.6009040E+17  4.8530069E+16  8.2310078E+17  1.1109836E+23  4.2029640E+23
  1.5948008E+14  3.1018945E+13  1.3672109E+13  6.5195600E+12  1.0486328E+14  2.5399615E+10  5.7630489E+11
   187.4980        213.10              1                        11.963 175.000 213.00
  5.5020084E+18  1.7546155E+20  0.0000000E+00  1.5708324E+17  4.3803940E+16  8.0789944E+17  1.1112565E+23  4.2039958E+23
  1.5951665E+14  3.0140696E+13  1.5579656E+13  4.1298739E+12  1.1992565E+14  2.5978533E+10  8.7467829E+11
   162.5029        213.15              1                        12.928 150.000 213.30
  4.8938302E+18  1.7552017E+20  0.0000000E+00  1.5400040E+17  3.7330226E+16  7.9096905E+17  1.1116277E+23  4.2054005E+23
  1.5928228E+14  2.9749892E+13  2.0199282E+13  2.3432640E+12  1.3799719E+14  2.6977456E+10  1.3490219E+12
   137.4932        212.96              1                        14.069 125.000 212.60
  4.6241155E+18  1.7556956E+20  0.0000000E+00  1.5018082E+17  2.9450985E+16  7.7033421E+17  1.1119406E+23  4.2065843E+23
  1.5751053E+14  2.9931515E+13  3.4134807E+13  9.4364245E+11  1.6539717E+14  2.9268460E+10  2.1334457E+12
   112.4872        211.97              1                        15.459 100.000 211.30
  4.4176042E+18  1.7562914E+20  0.0000000E+00  1.4502953E+17  2.1598276E+16  7.4165457E+17  1.1123179E+23  4.2080122E+23
  1.5097201E+14  3.0438213E+13  8.3082515E+13  2.8242427E+11  2.4483055E+14  3.5425797E+10  3.5968046E+12
   84.99056        210.92              1                        17.672 70.0000 210.50
  5.3092925E+18  2.1085478E+20  0.0000000E+00  1.5579987E+17  1.7086166E+16  8.3132865E+17  1.3354136E+23  5.0520070E+23
  1.6478744E+14  3.4059853E+13  2.8366428E+14  9.7939045E+10  7.2173982E+14  6.2592837E+10  9.6068959E+12
   60.04742        213.35              1                        19.786 50.0000 216.60
  3.7662334E+18  1.4082174E+20  0.0000000E+00  8.1629018E+16  7.1270211E+15  4.9618503E+17  8.9187103E+22  3.3740406E+23
  1.0561896E+14  1.7104935E+13  4.3317775E+14  1.8929137E+10  1.2431198E+15  7.0609555E+10  1.6178847E+13
   40.00685        217.01              1                        23.052 30.0000 217.50
  3.7719415E+18  1.4081475E+20  0.0000000E+00  5.8260948E+16  5.6631745E+15  4.2283246E+17  8.9182675E+22  3.3738741E+23
  1.3039143E+14  1.1138946E+13  8.1654253E+14  8.4616019E+09  2.0871810E+15  1.8309183E+11  3.6593242E+13
   25.00570        218.20              1                        25.661 20.0000 219.00
  1.8632436E+18  7.0486026E+19  0.0000000E+00  2.1642462E+16  3.0848074E+15  1.7798999E+17  4.4641150E+22  1.6888219E+23
  1.1990544E+14  3.9637066E+12  7.0429291E+14  2.8656007E+09  1.1971169E+15  3.3526796E+11  3.3996813E+13
   15.00000        219.00              1                        30.140 10.0000 219.00
  1.9303084E+18  7.0527864E+19  0.0000000E+00  1.7676830E+16  3.8157451E+15  1.5727738E+17  4.4667647E+22  1.6898245E+23
  3.0876613E+14  3.2345350E+12  1.0644432E+15  1.8663562E+09  9.8027954E+14  1.2794078E+12  5.0226406E+13
   8.502375        219.98              1                        32.459 7.00000 221.10
  5.9911996E+17  2.1194654E+19  0.0000000E+00  4.1830577E+15  1.4405288E+15  4.2999613E+16  1.3423281E+22  5.0781702E+22
  2.1492541E+14  8.1893192E+11  4.2812732E+14  3.1813480E+08  2.0272535E+14  1.3073593E+12  1.9314674E+13
   6.002903        222.93              1                        34.679 5.00000 225.00
  4.0038703E+17  1.4143505E+19  0.0000000E+00  2.2755565E+15  1.1663723E+15  2.6680768E+16  8.9575533E+21  3.3887381E+22
  2.3323725E+14  5.0948562E+11  3.1111568E+14  1.2315405E+08  9.4241267E+13  2.1093690E+12  1.4165902E+13
   4.002333        226.46              1                        38.104 3.00000 228.20
  3.6328261E+17  1.4154662E+19  0.0000000E+00  1.7356316E+15  1.6062787E+15  2.3865101E+16  8.9646193E+21  3.3914117E+22
  3.4396306E+14  5.1166560E+11  2.8458727E+14  5.8666233E+07  5.6013469E+13  5.0618877E+12  1.5386279E+13
   2.501154        229.68              1                        40.864 2.00000 231.40
  1.6405999E+17  7.0840055E+18  0.0000000E+00  5.8124027E+14  1.2770672E+15  1.0068837E+16  4.4865368E+21  1.6973051E+22
  2.2682514E+14  2.8411833E+11  9.8470199E+13  9.4435923E+06  1.3640657E+13  5.3112951E+12  8.3237193E+12
   1.501475        233.25              1                        45.663 1.00000 235.60
  1.1826041E+17  7.0942660E+18  0.0000000E+00  3.3272845E+14  2.3771862E+15  7.6765562E+15  4.4930351E+21  1.6997613E+22
  2.4779092E+14  3.8250713E+11  4.4216235E+13  1.9087082E+06  5.2663702E+12  8.7626075E+12  8.8158383E+12
