  300.0000 1600.0000    1.0000      1301
 0.7000000  300.0000
 0.7000000  301.0000
 0.7000000  302.0000
 0.7000000  303.0000
 0.7000000  304.0000
 0.7000000  305.0000
 0.7000000  306.0000
 0.7000000  307.0000
 0.7000000  308.0000
 0.7000000  309.0000
 0.7000000  310.0000
 0.7000000  311.0000
 0.7000000  312.0000
 0.7000000  313.0000
 0.7000000  314.0000
 0.7000000  315.0000
 0.7000000  316.0000
 0.7000000  317.0000
 0.7000000  318.0000
 0.7000000  319.0000
 0.7000000  320.0000
 0.7000000  321.0000
 0.7000000  322.0000
 0.7000000  323.0000
 0.7000000  324.0000
 0.7000000  325.0000
 0.7000000  326.0000
 0.7000000  327.0000
 0.7000000  328.0000
 0.7000000  329.0000
 0.7000000  330.0000
 0.7000000  331.0000
 0.7000000  332.0000
 0.7000000  333.0000
 0.7000000  334.0000
 0.7000000  335.0000
 0.7000000  336.0000
 0.7000000  337.0000
 0.7000000  338.0000
 0.7000000  339.0000
 0.7000000  340.0000
 0.7000000  341.0000
 0.7000000  342.0000
 0.7000000  343.0000
 0.7000000  344.0000
 0.7000000  345.0000
 0.7000000  346.0000
 0.7000000  347.0000
 0.7000000  348.0000
 0.7000000  349.0000
 0.7000000  350.0000
 0.7000000  351.0000
 0.7000000  352.0000
 0.7000000  353.0000
 0.7000000  354.0000
 0.7000000  355.0000
 0.7000000  356.0000
 0.7000000  357.0000
 0.7000000  358.0000
 0.7000000  359.0000
 0.7000000  360.0000
 0.7000000  361.0000
 0.7000000  362.0000
 0.7000000  363.0000
 0.7000000  364.0000
 0.7000000  365.0000
 0.7000000  366.0000
 0.7000000  367.0000
 0.7000000  368.0000
 0.7000000  369.0000
 0.7000000  370.0000
 0.7000000  371.0000
 0.7000000  372.0000
 0.7000000  373.0000
 0.7000000  374.0000
 0.7000000  375.0000
 0.7000000  376.0000
 0.7000000  377.0000
 0.7000000  378.0000
 0.7000000  379.0000
 0.7000000  380.0000
 0.7000000  381.0000
 0.7000000  382.0000
 0.7000000  383.0000
 0.7000000  384.0000
 0.7000000  385.0000
 0.7000000  386.0000
 0.7000000  387.0000
 0.7000000  388.0000
 0.7000000  389.0000
 0.7000000  390.0000
 0.7000000  391.0000
 0.7000000  392.0000
 0.7000000  393.0000
 0.7000000  394.0000
 0.7000000  395.0000
 0.7000000  396.0000
 0.7000000  397.0000
 0.7000000  398.0000
 0.7000000  399.0000
 0.7000000  400.0000
 0.7000000  401.0000
 0.7000000  402.0000
 0.7000000  403.0000
 0.7000000  404.0000
 0.7000000  405.0000
 0.7000000  406.0000
 0.7000000  407.0000
 0.7000000  408.0000
 0.7000000  409.0000
 0.7000000  410.0000
 0.7000000  411.0000
 0.7000000  412.0000
 0.7000000  413.0000
 0.7000000  414.0000
 0.7000000  415.0000
 0.7000000  416.0000
 0.7000000  417.0000
 0.7000000  418.0000
 0.7000000  419.0000
 0.7000000  420.0000
 0.7000000  421.0000
 0.7000000  422.0000
 0.7000000  423.0000
 0.7000000  424.0000
 0.7000000  425.0000
 0.7000000  426.0000
 0.7000000  427.0000
 0.7000000  428.0000
 0.7000000  429.0000
 0.7000000  430.0000
 0.7000000  431.0000
 0.7000000  432.0000
 0.7000000  433.0000
 0.7000000  434.0000
 0.7000000  435.0000
 0.7000000  436.0000
 0.7000000  437.0000
 0.7000000  438.0000
 0.7000000  439.0000
 0.7000000  440.0000
 0.7000000  441.0000
 0.7000000  442.0000
 0.7000000  443.0000
 0.7000000  444.0000
 0.7000000  445.0000
 0.7000000  446.0000
 0.7000000  447.0000
 0.7000000  448.0000
 0.7000000  449.0000
 0.7000000  450.0000
 0.7000000  451.0000
 0.7000000  452.0000
 0.7000000  453.0000
 0.7000000  454.0000
 0.7000000  455.0000
 0.7000000  456.0000
 0.7000000  457.0000
 0.7000000  458.0000
 0.7000000  459.0000
 0.7000000  460.0000
 0.7000000  461.0000
 0.7000000  462.0000
 0.7000000  463.0000
 0.7000000  464.0000
 0.7000000  465.0000
 0.7000000  466.0000
 0.7000000  467.0000
 0.7000000  468.0000
 0.7000000  469.0000
 0.7000000  470.0000
 0.7000000  471.0000
 0.7000000  472.0000
 0.7000000  473.0000
 0.7000000  474.0000
 0.7000000  475.0000
 0.7000000  476.0000
 0.7000000  477.0000
 0.7000000  478.0000
 0.7000000  479.0000
 0.7000000  480.0000
 0.7000000  481.0000
 0.7000000  482.0000
 0.7000000  483.0000
 0.7000000  484.0000
 0.7000000  485.0000
 0.7000000  486.0000
 0.7000000  487.0000
 0.7000000  488.0000
 0.7000000  489.0000
 0.7000000  490.0000
 0.7000000  491.0000
 0.7000000  492.0000
 0.7000000  493.0000
 0.7000000  494.0000
 0.7000000  495.0000
 0.7000000  496.0000
 0.7000000  497.0000
 0.7000000  498.0000
 0.7000000  499.0000
 0.7000000  500.0000
 0.7000000  501.0000
 0.7000000  502.0000
 0.7000000  503.0000
 0.7000000  504.0000
 0.7000000  505.0000
 0.7000000  506.0000
 0.7000000  507.0000
 0.7000000  508.0000
 0.7000000  509.0000
 0.7000000  510.0000
 0.7000000  511.0000
 0.7000000  512.0000
 0.7000000  513.0000
 0.7000000  514.0000
 0.7000000  515.0000
 0.7000000  516.0000
 0.7000000  517.0000
 0.7000000  518.0000
 0.7000000  519.0000
 0.7000000  520.0000
 0.7000000  521.0000
 0.7000000  522.0000
 0.7000000  523.0000
 0.7000000  524.0000
 0.7000000  525.0000
 0.7000000  526.0000
 0.7000000  527.0000
 0.7000000  528.0000
 0.7000000  529.0000
 0.7000000  530.0000
 0.7000000  531.0000
 0.7000000  532.0000
 0.7000000  533.0000
 0.7000000  534.0000
 0.7000000  535.0000
 0.7000000  536.0000
 0.7000000  537.0000
 0.7000000  538.0000
 0.7000000  539.0000
 0.7000000  540.0000
 0.7000000  541.0000
 0.7000000  542.0000
 0.7000000  543.0000
 0.7000000  544.0000
 0.7000000  545.0000
 0.7000000  546.0000
 0.7000000  547.0000
 0.7000000  548.0000
 0.7000000  549.0000
 0.7000000  550.0000
 0.7000000  551.0000
 0.7000000  552.0000
 0.7000000  553.0000
 0.7000000  554.0000
 0.7000000  555.0000
 0.7000000  556.0000
 0.7000000  557.0000
 0.7000000  558.0000
 0.7000000  559.0000
 0.7000000  560.0000
 0.7000000  561.0000
 0.7000000  562.0000
 0.7000000  563.0000
 0.7000000  564.0000
 0.7000000  565.0000
 0.7000000  566.0000
 0.7000000  567.0000
 0.7000000  568.0000
 0.7000000  569.0000
 0.7000000  570.0000
 0.7000000  571.0000
 0.7000000  572.0000
 0.7000000  573.0000
 0.7000000  574.0000
 0.7000000  575.0000
 0.7000000  576.0000
 0.7000000  577.0000
 0.7000000  578.0000
 0.7000000  579.0000
 0.7000000  580.0000
 0.7000000  581.0000
 0.7000000  582.0000
 0.7000000  583.0000
 0.7000000  584.0000
 0.7000000  585.0000
 0.7000000  586.0000
 0.7000000  587.0000
 0.7000000  588.0000
 0.7000000  589.0000
 0.7000000  590.0000
 0.7000000  591.0000
 0.7000000  592.0000
 0.7000000  593.0000
 0.7000000  594.0000
 0.7000000  595.0000
 0.7000000  596.0000
 0.7000000  597.0000
 0.7000000  598.0000
 0.7000000  599.0000
 0.7000000  600.0000
 0.7000000  601.0000
 0.7000000  602.0000
 0.7000000  603.0000
 0.7000000  604.0000
 0.7000000  605.0000
 0.7000000  606.0000
 0.7000000  607.0000
 0.7000000  608.0000
 0.7000000  609.0000
 0.7000000  610.0000
 0.7000000  611.0000
 0.7000000  612.0000
 0.7000000  613.0000
 0.7000000  614.0000
 0.7000000  615.0000
 0.7000000  616.0000
 0.7000000  617.0000
 0.7000000  618.0000
 0.7000000  619.0000
 0.7000000  620.0000
 0.7000000  621.0000
 0.7000000  622.0000
 0.7000000  623.0000
 0.7000000  624.0000
 0.7000000  625.0000
 0.7000000  626.0000
 0.7000000  627.0000
 0.7000000  628.0000
 0.7000000  629.0000
 0.7000000  630.0000
 0.7000000  631.0000
 0.7000000  632.0000
 0.7000000  633.0000
 0.7000000  634.0000
 0.7000000  635.0000
 0.7000000  636.0000
 0.7000000  637.0000
 0.7000000  638.0000
 0.7000000  639.0000
 0.7000000  640.0000
 0.7000000  641.0000
 0.7000000  642.0000
 0.7000000  643.0000
 0.7000000  644.0000
 0.7000000  645.0000
 0.7000000  646.0000
 0.7000000  647.0000
 0.7000000  648.0000
 0.7000000  649.0000
 0.7000000  650.0000
 0.7000000  651.0000
 0.7000000  652.0000
 0.7000000  653.0000
 0.7000000  654.0000
 0.7000000  655.0000
 0.7000000  656.0000
 0.7000000  657.0000
 0.7000000  658.0000
 0.7000000  659.0000
 0.7000000  660.0000
 0.7000000  661.0000
 0.7000000  662.0000
 0.7000000  663.0000
 0.7000000  664.0000
 0.7000000  665.0000
 0.7000000  666.0000
 0.7000000  667.0000
 0.7000000  668.0000
 0.7000000  669.0000
 0.7000000  670.0000
 0.7000000  671.0000
 0.7000000  672.0000
 0.7000000  673.0000
 0.7000000  674.0000
 0.7000000  675.0000
 0.7000000  676.0000
 0.7000000  677.0000
 0.7000000  678.0000
 0.7000000  679.0000
 0.7000000  680.0000
 0.7000000  681.0000
 0.7000000  682.0000
 0.7000000  683.0000
 0.7000000  684.0000
 0.7000000  685.0000
 0.7000000  686.0000
 0.7000000  687.0000
 0.7000000  688.0000
 0.7000000  689.0000
 0.7000000  690.0000
 0.7000000  691.0000
 0.7000000  692.0000
 0.7000000  693.0000
 0.7000000  694.0000
 0.7000000  695.0000
 0.7000000  696.0000
 0.7000000  697.0000
 0.7000000  698.0000
 0.7000000  699.0000
 0.7000000  700.0000
 0.7000000  701.0000
 0.7000000  702.0000
 0.7000000  703.0000
 0.7000000  704.0000
 0.7000000  705.0000
 0.7000000  706.0000
 0.7000000  707.0000
 0.7000000  708.0000
 0.7000000  709.0000
 0.7000000  710.0000
 0.7000000  711.0000
 0.7000000  712.0000
 0.7000000  713.0000
 0.7000000  714.0000
 0.7000000  715.0000
 0.7000000  716.0000
 0.7000000  717.0000
 0.7000000  718.0000
 0.7000000  719.0000
 0.7000000  720.0000
 0.7000000  721.0000
 0.7000000  722.0000
 0.7000000  723.0000
 0.7000000  724.0000
 0.7000000  725.0000
 0.7000000  726.0000
 0.7000000  727.0000
 0.7000000  728.0000
 0.7000000  729.0000
 0.7000000  730.0000
 0.7000000  731.0000
 0.7000000  732.0000
 0.7000000  733.0000
 0.7000000  734.0000
 0.7000000  735.0000
 0.7000000  736.0000
 0.7000000  737.0000
 0.7000000  738.0000
 0.7000000  739.0000
 0.7000000  740.0000
 0.7000000  741.0000
 0.7000000  742.0000
 0.7000000  743.0000
 0.7000000  744.0000
 0.7000000  745.0000
 0.7000000  746.0000
 0.7000000  747.0000
 0.7000000  748.0000
 0.7000000  749.0000
 0.7000000  750.0000
 0.7000000  751.0000
 0.7000000  752.0000
 0.7000000  753.0000
 0.7000000  754.0000
 0.7000000  755.0000
 0.7000000  756.0000
 0.7000000  757.0000
 0.7000000  758.0000
 0.7000000  759.0000
 0.7000000  760.0000
 0.7000000  761.0000
 0.7000000  762.0000
 0.7000000  763.0000
 0.7000000  764.0000
 0.7000000  765.0000
 0.7000000  766.0000
 0.7000000  767.0000
 0.7000000  768.0000
 0.7000000  769.0000
 0.7000000  770.0000
 0.7000000  771.0000
 0.7000000  772.0000
 0.7000000  773.0000
 0.7000000  774.0000
 0.7000000  775.0000
 0.7000000  776.0000
 0.7000000  777.0000
 0.7000000  778.0000
 0.7000000  779.0000
 0.7000000  780.0000
 0.7000000  781.0000
 0.7000000  782.0000
 0.7000000  783.0000
 0.7000000  784.0000
 0.7000000  785.0000
 0.7000000  786.0000
 0.7000000  787.0000
 0.7000000  788.0000
 0.7000000  789.0000
 0.7000000  790.0000
 0.7000000  791.0000
 0.7000000  792.0000
 0.7000000  793.0000
 0.7000000  794.0000
 0.7000000  795.0000
 0.7000000  796.0000
 0.7000000  797.0000
 0.7000000  798.0000
 0.7000000  799.0000
 0.7000000  800.0000
 0.7000000  801.0000
 0.7000000  802.0000
 0.7000000  803.0000
 0.7000000  804.0000
 0.7000000  805.0000
 0.7000000  806.0000
 0.7000000  807.0000
 0.7000000  808.0000
 0.7000000  809.0000
 0.7000000  810.0000
 0.7000000  811.0000
 0.7000000  812.0000
 0.7000000  813.0000
 0.7000000  814.0000
 0.7000000  815.0000
 0.7000000  816.0000
 0.7000000  817.0000
 0.7000000  818.0000
 0.7000000  819.0000
 0.7000000  820.0000
 0.7000000  821.0000
 0.7000000  822.0000
 0.7000000  823.0000
 0.7000000  824.0000
 0.7000000  825.0000
 0.7000000  826.0000
 0.7000000  827.0000
 0.7000000  828.0000
 0.7000000  829.0000
 0.7000000  830.0000
 0.7000000  831.0000
 0.7000000  832.0000
 0.7000000  833.0000
 0.7000000  834.0000
 0.7000000  835.0000
 0.7000000  836.0000
 0.7000000  837.0000
 0.7000000  838.0000
 0.7000000  839.0000
 0.7000000  840.0000
 0.7000000  841.0000
 0.7000000  842.0000
 0.7000000  843.0000
 0.7000000  844.0000
 0.7000000  845.0000
 0.7000000  846.0000
 0.7000000  847.0000
 0.7000000  848.0000
 0.7000000  849.0000
 0.7000000  850.0000
 0.7000000  851.0000
 0.7000000  852.0000
 0.7000000  853.0000
 0.7000000  854.0000
 0.7000000  855.0000
 0.7000000  856.0000
 0.7000000  857.0000
 0.7000000  858.0000
 0.7000000  859.0000
 0.7000000  860.0000
 0.7000000  861.0000
 0.7000000  862.0000
 0.7000000  863.0000
 0.7000000  864.0000
 0.7000000  865.0000
 0.7000000  866.0000
 0.7000000  867.0000
 0.7000000  868.0000
 0.7000000  869.0000
 0.7000000  870.0000
 0.7000000  871.0000
 0.7000000  872.0000
 0.7000000  873.0000
 0.7000000  874.0000
 0.7000000  875.0000
 0.7000000  876.0000
 0.7000000  877.0000
 0.7000000  878.0000
 0.7000000  879.0000
 0.7000000  880.0000
 0.7000000  881.0000
 0.7000000  882.0000
 0.7000000  883.0000
 0.7000000  884.0000
 0.7000000  885.0000
 0.7000000  886.0000
 0.7000000  887.0000
 0.7000000  888.0000
 0.7000000  889.0000
 0.7000000  890.0000
 0.7000000  891.0000
 0.7000000  892.0000
 0.7000000  893.0000
 0.7000000  894.0000
 0.7000000  895.0000
 0.7000000  896.0000
 0.7000000  897.0000
 0.7000000  898.0000
 0.7000000  899.0000
 0.7000000  900.0000
 0.7000000  901.0000
 0.7000000  902.0000
 0.7000000  903.0000
 0.7000000  904.0000
 0.7000000  905.0000
 0.7000000  906.0000
 0.7000000  907.0000
 0.7000000  908.0000
 0.7000000  909.0000
 0.7000000  910.0000
 0.7000000  911.0000
 0.7000000  912.0000
 0.7000000  913.0000
 0.7000000  914.0000
 0.7000000  915.0000
 0.7000000  916.0000
 0.7000000  917.0000
 0.7000000  918.0000
 0.7000000  919.0000
 0.7000000  920.0000
 0.7000000  921.0000
 0.7000000  922.0000
 0.7000000  923.0000
 0.7000000  924.0000
 0.7000000  925.0000
 0.7000000  926.0000
 0.7000000  927.0000
 0.7000000  928.0000
 0.7000000  929.0000
 0.7000000  930.0000
 0.7000000  931.0000
 0.7000000  932.0000
 0.7000000  933.0000
 0.7000000  934.0000
 0.7000000  935.0000
 0.7000000  936.0000
 0.7000000  937.0000
 0.7000000  938.0000
 0.7000000  939.0000
 0.7000000  940.0000
 0.7000000  941.0000
 0.7000000  942.0000
 0.7000000  943.0000
 0.7000000  944.0000
 0.7000000  945.0000
 0.7000000  946.0000
 0.7000000  947.0000
 0.7000000  948.0000
 0.7000000  949.0000
 0.7000000  950.0000
 0.7000000  951.0000
 0.7000000  952.0000
 0.7000000  953.0000
 0.7000000  954.0000
 0.7000000  955.0000
 0.7000000  956.0000
 0.7000000  957.0000
 0.7000000  958.0000
 0.7000000  959.0000
 0.7000000  960.0000
 0.7000000  961.0000
 0.7000000  962.0000
 0.7000000  963.0000
 0.7000000  964.0000
 0.7000000  965.0000
 0.7000000  966.0000
 0.7000000  967.0000
 0.7000000  968.0000
 0.7000000  969.0000
 0.7000000  970.0000
 0.7000000  971.0000
 0.7000000  972.0000
 0.7000000  973.0000
 0.7000000  974.0000
 0.7000000  975.0000
 0.7000000  976.0000
 0.7000000  977.0000
 0.7000000  978.0000
 0.7000000  979.0000
 0.7000000  980.0000
 0.7000000  981.0000
 0.7000000  982.0000
 0.7000000  983.0000
 0.7000000  984.0000
 0.7000000  985.0000
 0.7000000  986.0000
 0.7000000  987.0000
 0.7000000  988.0000
 0.7000000  989.0000
 0.7000000  990.0000
 0.7000000  991.0000
 0.7000000  992.0000
 0.7000000  993.0000
 0.7000000  994.0000
 0.7000000  995.0000
 0.7000000  996.0000
 0.7000000  997.0000
 0.7000000  998.0000
 0.7000000  999.0000
 0.7000000 1000.0000
 0.7000000 1001.0000
 0.7000000 1002.0000
 0.7000000 1003.0000
 0.7000000 1004.0000
 0.7000000 1005.0000
 0.7000000 1006.0000
 0.7000000 1007.0000
 0.7000000 1008.0000
 0.7000000 1009.0000
 0.7000000 1010.0000
 0.7000000 1011.0000
 0.7000000 1012.0000
 0.7000000 1013.0000
 0.7000000 1014.0000
 0.7000000 1015.0000
 0.7000000 1016.0000
 0.7000000 1017.0000
 0.7000000 1018.0000
 0.7000000 1019.0000
 0.7000000 1020.0000
 0.7000000 1021.0000
 0.7000000 1022.0000
 0.7000000 1023.0000
 0.7000000 1024.0000
 0.7000000 1025.0000
 0.7000000 1026.0000
 0.7000000 1027.0000
 0.7000000 1028.0000
 0.7000000 1029.0000
 0.7000000 1030.0000
 0.7000000 1031.0000
 0.7000000 1032.0000
 0.7000000 1033.0000
 0.7000000 1034.0000
 0.7000000 1035.0000
 0.7000000 1036.0000
 0.7000000 1037.0000
 0.7000000 1038.0000
 0.7000000 1039.0000
 0.7000000 1040.0000
 0.7000000 1041.0000
 0.7000000 1042.0000
 0.7000000 1043.0000
 0.7000000 1044.0000
 0.7000000 1045.0000
 0.7000000 1046.0000
 0.7000000 1047.0000
 0.7000000 1048.0000
 0.7000000 1049.0000
 0.7000000 1050.0000
 0.7000000 1051.0000
 0.7000000 1052.0000
 0.7000000 1053.0000
 0.7000000 1054.0000
 0.7000000 1055.0000
 0.7000000 1056.0000
 0.7000000 1057.0000
 0.7000000 1058.0000
 0.7000000 1059.0000
 0.7000000 1060.0000
 0.7000000 1061.0000
 0.7000000 1062.0000
 0.7000000 1063.0000
 0.7000000 1064.0000
 0.7000000 1065.0000
 0.7000000 1066.0000
 0.7000000 1067.0000
 0.7000000 1068.0000
 0.7000000 1069.0000
 0.7000000 1070.0000
 0.7000000 1071.0000
 0.7000000 1072.0000
 0.7000000 1073.0000
 0.7000000 1074.0000
 0.7000000 1075.0000
 0.7000000 1076.0000
 0.7000000 1077.0000
 0.7000000 1078.0000
 0.7000000 1079.0000
 0.7000000 1080.0000
 0.7000000 1081.0000
 0.7000000 1082.0000
 0.7000000 1083.0000
 0.7000000 1084.0000
 0.7000000 1085.0000
 0.7000000 1086.0000
 0.7000000 1087.0000
 0.7000000 1088.0000
 0.7000000 1089.0000
 0.7000000 1090.0000
 0.7000000 1091.0000
 0.7000000 1092.0000
 0.7000000 1093.0000
 0.7000000 1094.0000
 0.7000000 1095.0000
 0.7000000 1096.0000
 0.7000000 1097.0000
 0.7000000 1098.0000
 0.7000000 1099.0000
 0.7000000 1100.0000
 0.7000000 1101.0000
 0.7000000 1102.0000
 0.7000000 1103.0000
 0.7000000 1104.0000
 0.7000000 1105.0000
 0.7000000 1106.0000
 0.7000000 1107.0000
 0.7000000 1108.0000
 0.7000000 1109.0000
 0.7000000 1110.0000
 0.7000000 1111.0000
 0.7000000 1112.0000
 0.7000000 1113.0000
 0.7000000 1114.0000
 0.7000000 1115.0000
 0.7000000 1116.0000
 0.7000000 1117.0000
 0.7000000 1118.0000
 0.7000000 1119.0000
 0.7000000 1120.0000
 0.7000000 1121.0000
 0.7000000 1122.0000
 0.7000000 1123.0000
 0.7000000 1124.0000
 0.7000000 1125.0000
 0.7000000 1126.0000
 0.7000000 1127.0000
 0.7000000 1128.0000
 0.7000000 1129.0000
 0.7000000 1130.0000
 0.7000000 1131.0000
 0.7000000 1132.0000
 0.7000000 1133.0000
 0.7000000 1134.0000
 0.7000000 1135.0000
 0.7000000 1136.0000
 0.7000000 1137.0000
 0.7000000 1138.0000
 0.7000000 1139.0000
 0.7000000 1140.0000
 0.7000000 1141.0000
 0.7000000 1142.0000
 0.7000000 1143.0000
 0.7000000 1144.0000
 0.7000000 1145.0000
 0.7000000 1146.0000
 0.7000000 1147.0000
 0.7000000 1148.0000
 0.7000000 1149.0000
 0.7000000 1150.0000
 0.7000000 1151.0000
 0.7000000 1152.0000
 0.7000000 1153.0000
 0.7000000 1154.0000
 0.7000000 1155.0000
 0.7000000 1156.0000
 0.7000000 1157.0000
 0.7000000 1158.0000
 0.7000000 1159.0000
 0.7000000 1160.0000
 0.7000000 1161.0000
 0.7000000 1162.0000
 0.7000000 1163.0000
 0.7000000 1164.0000
 0.7000000 1165.0000
 0.7000000 1166.0000
 0.7000000 1167.0000
 0.7000000 1168.0000
 0.7000000 1169.0000
 0.7000000 1170.0000
 0.7000000 1171.0000
 0.7000000 1172.0000
 0.7000000 1173.0000
 0.7000000 1174.0000
 0.7000000 1175.0000
 0.7000000 1176.0000
 0.7000000 1177.0000
 0.7000000 1178.0000
 0.7000000 1179.0000
 0.7000000 1180.0000
 0.7000000 1181.0000
 0.7000000 1182.0000
 0.7000000 1183.0000
 0.7000000 1184.0000
 0.7000000 1185.0000
 0.7000000 1186.0000
 0.7000000 1187.0000
 0.7000000 1188.0000
 0.7000000 1189.0000
 0.7000000 1190.0000
 0.7000000 1191.0000
 0.7000000 1192.0000
 0.7000000 1193.0000
 0.7000000 1194.0000
 0.7000000 1195.0000
 0.7000000 1196.0000
 0.7000000 1197.0000
 0.7000000 1198.0000
 0.7000000 1199.0000
 0.7000000 1200.0000
 0.7000000 1201.0000
 0.7000000 1202.0000
 0.7000000 1203.0000
 0.7000000 1204.0000
 0.7000000 1205.0000
 0.7000000 1206.0000
 0.7000000 1207.0000
 0.7000000 1208.0000
 0.7000000 1209.0000
 0.7000000 1210.0000
 0.7000000 1211.0000
 0.7000000 1212.0000
 0.7000000 1213.0000
 0.7000000 1214.0000
 0.7000000 1215.0000
 0.7000000 1216.0000
 0.7000000 1217.0000
 0.7000000 1218.0000
 0.7000000 1219.0000
 0.7000000 1220.0000
 0.7000000 1221.0000
 0.7000000 1222.0000
 0.7000000 1223.0000
 0.7000000 1224.0000
 0.7000000 1225.0000
 0.7000000 1226.0000
 0.7000000 1227.0000
 0.7000000 1228.0000
 0.7000000 1229.0000
 0.7000000 1230.0000
 0.7000000 1231.0000
 0.7000000 1232.0000
 0.7000000 1233.0000
 0.7000000 1234.0000
 0.7000000 1235.0000
 0.7000000 1236.0000
 0.7000000 1237.0000
 0.7000000 1238.0000
 0.7000000 1239.0000
 0.7000000 1240.0000
 0.7000000 1241.0000
 0.7000000 1242.0000
 0.7000000 1243.0000
 0.7000000 1244.0000
 0.7000000 1245.0000
 0.7000000 1246.0000
 0.7000000 1247.0000
 0.7000000 1248.0000
 0.7000000 1249.0000
 0.7000000 1250.0000
 0.7000000 1251.0000
 0.7000000 1252.0000
 0.7000000 1253.0000
 0.7000000 1254.0000
 0.7000000 1255.0000
 0.7000000 1256.0000
 0.7000000 1257.0000
 0.7000000 1258.0000
 0.7000000 1259.0000
 0.7000000 1260.0000
 0.7000000 1261.0000
 0.7000000 1262.0000
 0.7000000 1263.0000
 0.7000000 1264.0000
 0.7000000 1265.0000
 0.7000000 1266.0000
 0.7000000 1267.0000
 0.7000000 1268.0000
 0.7000000 1269.0000
 0.7000000 1270.0000
 0.7000000 1271.0000
 0.7000000 1272.0000
 0.7000000 1273.0000
 0.7000000 1274.0000
 0.7000000 1275.0000
 0.7000000 1276.0000
 0.7000000 1277.0000
 0.7000000 1278.0000
 0.7000000 1279.0000
 0.7000000 1280.0000
 0.7000000 1281.0000
 0.7000000 1282.0000
 0.7000000 1283.0000
 0.7000000 1284.0000
 0.7000000 1285.0000
 0.7000000 1286.0000
 0.7000000 1287.0000
 0.7000000 1288.0000
 0.7000000 1289.0000
 0.7000000 1290.0000
 0.7000000 1291.0000
 0.7000000 1292.0000
 0.7000000 1293.0000
 0.7000000 1294.0000
 0.7000000 1295.0000
 0.7000000 1296.0000
 0.7000000 1297.0000
 0.7000000 1298.0000
 0.7000000 1299.0000
 0.7000000 1300.0000
 0.7000000 1301.0000
 0.7000000 1302.0000
 0.7000000 1303.0000
 0.7000000 1304.0000
 0.7000000 1305.0000
 0.7000000 1306.0000
 0.7000000 1307.0000
 0.7000000 1308.0000
 0.7000000 1309.0000
 0.7000000 1310.0000
 0.7000000 1311.0000
 0.7000000 1312.0000
 0.7000000 1313.0000
 0.7000000 1314.0000
 0.7000000 1315.0000
 0.7000000 1316.0000
 0.7000000 1317.0000
 0.7000000 1318.0000
 0.7000000 1319.0000
 0.7000000 1320.0000
 0.7000000 1321.0000
 0.7000000 1322.0000
 0.7000000 1323.0000
 0.7000000 1324.0000
 0.7000000 1325.0000
 0.7000000 1326.0000
 0.7000000 1327.0000
 0.7000000 1328.0000
 0.7000000 1329.0000
 0.7000000 1330.0000
 0.7000000 1331.0000
 0.7000000 1332.0000
 0.7000000 1333.0000
 0.7000000 1334.0000
 0.7000000 1335.0000
 0.7000000 1336.0000
 0.7000000 1337.0000
 0.7000000 1338.0000
 0.7000000 1339.0000
 0.7000000 1340.0000
 0.7000000 1341.0000
 0.7000000 1342.0000
 0.7000000 1343.0000
 0.7000000 1344.0000
 0.7000000 1345.0000
 0.7000000 1346.0000
 0.7000000 1347.0000
 0.7000000 1348.0000
 0.7000000 1349.0000
 0.7000000 1350.0000
 0.7000000 1351.0000
 0.7000000 1352.0000
 0.7000000 1353.0000
 0.7000000 1354.0000
 0.7000000 1355.0000
 0.7000000 1356.0000
 0.7000000 1357.0000
 0.7000000 1358.0000
 0.7000000 1359.0000
 0.7000000 1360.0000
 0.7000000 1361.0000
 0.7000000 1362.0000
 0.7000000 1363.0000
 0.7000000 1364.0000
 0.7000000 1365.0000
 0.7000000 1366.0000
 0.7000000 1367.0000
 0.7000000 1368.0000
 0.7000000 1369.0000
 0.7000000 1370.0000
 0.7000000 1371.0000
 0.7000000 1372.0000
 0.7000000 1373.0000
 0.7000000 1374.0000
 0.7000000 1375.0000
 0.7000000 1376.0000
 0.7000000 1377.0000
 0.7000000 1378.0000
 0.7000000 1379.0000
 0.7000000 1380.0000
 0.7000000 1381.0000
 0.7000000 1382.0000
 0.7000000 1383.0000
 0.7000000 1384.0000
 0.7000000 1385.0000
 0.7000000 1386.0000
 0.7000000 1387.0000
 0.7000000 1388.0000
 0.7000000 1389.0000
 0.7000000 1390.0000
 0.7000000 1391.0000
 0.7000000 1392.0000
 0.7000000 1393.0000
 0.7000000 1394.0000
 0.7000000 1395.0000
 0.7000000 1396.0000
 0.7000000 1397.0000
 0.7000000 1398.0000
 0.7000000 1399.0000
 0.7000000 1400.0000
 0.7000000 1401.0000
 0.7000000 1402.0000
 0.7000000 1403.0000
 0.7000000 1404.0000
 0.7000000 1405.0000
 0.7000000 1406.0000
 0.7000000 1407.0000
 0.7000000 1408.0000
 0.7000000 1409.0000
 0.7000000 1410.0000
 0.7000000 1411.0000
 0.7000000 1412.0000
 0.7000000 1413.0000
 0.7000000 1414.0000
 0.7000000 1415.0000
 0.7000000 1416.0000
 0.7000000 1417.0000
 0.7000000 1418.0000
 0.7000000 1419.0000
 0.7000000 1420.0000
 0.7000000 1421.0000
 0.7000000 1422.0000
 0.7000000 1423.0000
 0.7000000 1424.0000
 0.7000000 1425.0000
 0.7000000 1426.0000
 0.7000000 1427.0000
 0.7000000 1428.0000
 0.7000000 1429.0000
 0.7000000 1430.0000
 0.7000000 1431.0000
 0.7000000 1432.0000
 0.7000000 1433.0000
 0.7000000 1434.0000
 0.7000000 1435.0000
 0.7000000 1436.0000
 0.7000000 1437.0000
 0.7000000 1438.0000
 0.7000000 1439.0000
 0.7000000 1440.0000
 0.7000000 1441.0000
 0.7000000 1442.0000
 0.7000000 1443.0000
 0.7000000 1444.0000
 0.7000000 1445.0000
 0.7000000 1446.0000
 0.7000000 1447.0000
 0.7000000 1448.0000
 0.7000000 1449.0000
 0.7000000 1450.0000
 0.7000000 1451.0000
 0.7000000 1452.0000
 0.7000000 1453.0000
 0.7000000 1454.0000
 0.7000000 1455.0000
 0.7000000 1456.0000
 0.7000000 1457.0000
 0.7000000 1458.0000
 0.7000000 1459.0000
 0.7000000 1460.0000
 0.7000000 1461.0000
 0.7000000 1462.0000
 0.7000000 1463.0000
 0.7000000 1464.0000
 0.7000000 1465.0000
 0.7000000 1466.0000
 0.7000000 1467.0000
 0.7000000 1468.0000
 0.7000000 1469.0000
 0.7000000 1470.0000
 0.7000000 1471.0000
 0.7000000 1472.0000
 0.7000000 1473.0000
 0.7000000 1474.0000
 0.7000000 1475.0000
 0.7000000 1476.0000
 0.7000000 1477.0000
 0.7000000 1478.0000
 0.7000000 1479.0000
 0.7000000 1480.0000
 0.7000000 1481.0000
 0.7000000 1482.0000
 0.7000000 1483.0000
 0.7000000 1484.0000
 0.7000000 1485.0000
 0.7000000 1486.0000
 0.7000000 1487.0000
 0.7000000 1488.0000
 0.7000000 1489.0000
 0.7000000 1490.0000
 0.7000000 1491.0000
 0.7000000 1492.0000
 0.7000000 1493.0000
 0.7000000 1494.0000
 0.7000000 1495.0000
 0.7000000 1496.0000
 0.7000000 1497.0000
 0.7000000 1498.0000
 0.7000000 1499.0000
 0.7000000 1500.0000
 0.7000000 1501.0000
 0.7000000 1502.0000
 0.7000000 1503.0000
 0.7000000 1504.0000
 0.7000000 1505.0000
 0.7000000 1506.0000
 0.7000000 1507.0000
 0.7000000 1508.0000
 0.7000000 1509.0000
 0.7000000 1510.0000
 0.7000000 1511.0000
 0.7000000 1512.0000
 0.7000000 1513.0000
 0.7000000 1514.0000
 0.7000000 1515.0000
 0.7000000 1516.0000
 0.7000000 1517.0000
 0.7000000 1518.0000
 0.7000000 1519.0000
 0.7000000 1520.0000
 0.7000000 1521.0000
 0.7000000 1522.0000
 0.7000000 1523.0000
 0.7000000 1524.0000
 0.7000000 1525.0000
 0.7000000 1526.0000
 0.7000000 1527.0000
 0.7000000 1528.0000
 0.7000000 1529.0000
 0.7000000 1530.0000
 0.7000000 1531.0000
 0.7000000 1532.0000
 0.7000000 1533.0000
 0.7000000 1534.0000
 0.7000000 1535.0000
 0.7000000 1536.0000
 0.7000000 1537.0000
 0.7000000 1538.0000
 0.7000000 1539.0000
 0.7000000 1540.0000
 0.7000000 1541.0000
 0.7000000 1542.0000
 0.7000000 1543.0000
 0.7000000 1544.0000
 0.7000000 1545.0000
 0.7000000 1546.0000
 0.7000000 1547.0000
 0.7000000 1548.0000
 0.7000000 1549.0000
 0.7000000 1550.0000
 0.7000000 1551.0000
 0.7000000 1552.0000
 0.7000000 1553.0000
 0.7000000 1554.0000
 0.7000000 1555.0000
 0.7000000 1556.0000
 0.7000000 1557.0000
 0.7000000 1558.0000
 0.7000000 1559.0000
 0.7000000 1560.0000
 0.7000000 1561.0000
 0.7000000 1562.0000
 0.7000000 1563.0000
 0.7000000 1564.0000
 0.7000000 1565.0000
 0.7000000 1566.0000
 0.7000000 1567.0000
 0.7000000 1568.0000
 0.7000000 1569.0000
 0.7000000 1570.0000
 0.7000000 1571.0000
 0.7000000 1572.0000
 0.7000000 1573.0000
 0.7000000 1574.0000
 0.7000000 1575.0000
 0.7000000 1576.0000
 0.7000000 1577.0000
 0.7000000 1578.0000
 0.7000000 1579.0000
 0.7000000 1580.0000
 0.7000000 1581.0000
 0.7000000 1582.0000
 0.7000000 1583.0000
 0.7000000 1584.0000
 0.7000000 1585.0000
 0.7000000 1586.0000
 0.7000000 1587.0000
 0.7000000 1588.0000
 0.7000000 1589.0000
 0.7000000 1590.0000
 0.7000000 1591.0000
 0.7000000 1592.0000
 0.7000000 1593.0000
 0.7000000 1594.0000
 0.7000000 1595.0000
 0.7000000 1596.0000
 0.7000000 1597.0000
 0.7000000 1598.0000
 0.7000000 1599.0000
 0.7000000 1600.0000
